4
10
2
6
1569
734
897
348
891
7
2
257
135
374
760
330
773
322
413
1230
384
104
297
491
98
437
270
738
942
374
358
557
413
304
231
728
164
305
335
310
308
671
311
310
275
608
286
462
614
437
575
382
280
408
402
275
407
413
248
681
272
379
684
531
396
251
516
281
327
504
274
374
633
413
477
398
136
639
271
515
400
314
356
703
633
658
265
81
253
175
540
295
327
327
38
413
645
480
271
431
292
470
201
360
260
292
294
312
376
270
286
84
259
597
249
630
519
270
344
246
306
335
78
637
572
210
371
233
564
244
140
309
245
354
252
221
327
262
297
415
79
536
373
444
246
327
218
403
384
397
553
279
84
229
478
456
108
164
296
104
475
741
595
294
493
234
423
516
249
296
357
228
472
350
484
209
547
506
264
526
88
320
490
373
178
238
81
410
97
219
201
396
371
409
461
427
536
345
107
500
192
518
516
421
428
241
166
343
514
443
486
130
391
376
455
504
79
235
158
227
437
209
184
350
138
301
488
96
228
495
78
426
57
355
247
363
281
260
91
392
270
350
108
318
339
439
466
244
178
104
291
427
451
203
227
474
301
242
185
253
273
269
282
179
483
341
335
214
194
452
307
313
260
277
304
238
249
106
282
419
223
68
216
99
387
177
435
407
184
355
125
318
327
437
262
104
223
267
74
379
353
208
200
161
370
168
434
235
106
221
415
345
430
451
419
370
184
102
120
150
104
313
151
327
360
341
118
417
197
320
391
409
106
500
351
408
239
74
97
404
158
343
112
236
128
202
333
427
545
321
383
335
156
136
261
233
106
280
328
248
205
101
393
54
212
394
368
325
78
392
136
104
76
238
147
313
271
294
148
387
296
382
417
108
56
317
223
374
212
273
187
106
372
137
200
135
319
302
135
189
275
212
71
107
228
175
503
319
238
110
205
88
298
160
78
171
194
145
294
93
277
84
299
190
306
161
369
462
387
346
466
204
369
300
230
93
98
78
169
156
286
222
364
338
255
178
226
277
106
334
118
236
247
209
200
251
255
283
213
271
165
340
172
350
267
371
298
269
271
349
84
161
255
106
299
104
232
263
193
287
306
238
256
104
203
190
104
291
191
340
185
305
106
164
344
261
219
78
334
182
